FinalAssignment/conc_pm25_2018/rwc_pm25_2018.asc
NCOLS          280
NROWS          320
XLLCORNER            0
YLLCORNER       300000
CELLSIZE         1000
NODATA_VALUE  -0.9990E+03
[rows 225 to 249 of 320, columns 112 to 167 of 280]
0.1147E+00 0.3503E+00 0.4880E+00 0.1151E+00 0.6570E-01 0.3010E-01 0.2670E-01 0.2020E-01 0.1940E-01 0.3250E-01 0.3460E-01 0.2920E-01 0.3310E-01 0.7050E-01 0.1216E+00 0.3240E+00 0.2655E+00 0.2975E+00 0.2455E+00 0.2562E+00 0.2359E+00 0.2330E+00 0.2252E+00 0.3455E+00 0.1152E+00 0.6820E-01 0.7180E-01 0.2963E+00 0.1980E+00 0.9280E-01 0.8610E-01 0.5900E-01 0.3850E-01 0.3320E-01 0.2450E-01 0.1540E-01 0.8900E-02 0.6600E-02 0.8800E-02 0.1520E-01 0.2580E-01 0.6320E-01 0.2295E+00 0.5590E-01 0.2900E-01 0.1850E-01 0.2250E-01 0.3010E-01 0.6040E-01 0.2346E+00 0.4290E-01 0.1700E-01 0.5900E-02 0.0000E+00 0.0000E+00 0.0000E+00
0.4783E+00 0.2951E+00 0.9320E-01 0.5100E-01 0.2680E-01 0.2700E-01 0.2580E-01 0.1420E-01 0.1230E-01 0.1310E-01 0.2150E-01 0.2500E-01 0.2670E-01 0.3520E-01 0.4570E-01 0.6210E-01 0.5980E-01 0.4890E-01 0.4350E-01 0.3720E-01 0.3460E-01 0.3490E-01 0.4860E-01 0.5790E-01 0.3960E-01 0.3030E-01 0.4260E-01 0.6280E-01 0.1406E+00 0.3487E+00 0.3444E+00 0.1021E+00 0.9150E-01 0.5690E-01 0.4440E-01 0.3200E-01 0.2290E-01 0.1400E-01 0.1110E-01 0.1400E-01 0.2120E-01 0.4450E-01 0.2006E+00 0.1572E+00 0.4350E-01 0.2470E-01 0.2570E-01 0.3730E-01 0.1493E+00 0.1361E+00 0.3160E-01 0.1520E-01 0.6200E-02 0.0000E+00 0.0000E+00 0.0000E+00
0.1127E+00 0.8460E-01 0.3820E-01 0.1710E-01 0.1260E-01 0.8400E-02 0.3500E-02 0.9000E-03 0.0000E+00 0.8000E-03 0.2400E-02 0.5900E-02 0.1220E-01 0.1700E-01 0.2440E-01 0.2790E-01 0.2870E-01 0.2090E-01 0.2200E-01 0.1540E-01 0.1530E-01 0.1850E-01 0.2320E-01 0.2380E-01 0.2340E-01 0.2250E-01 0.2600E-01 0.3440E-01 0.4860E-01 0.7410E-01 0.9530E-01 0.3441E+00 0.3563E+00 0.1461E+00 0.8180E-01 0.6190E-01 0.4750E-01 0.3670E-01 0.3240E-01 0.3100E-01 0.3360E-01 0.4250E-01 0.6840E-01 0.2637E+00 0.6800E-01 0.4410E-01 0.4070E-01 0.5130E-01 0.1856E+00 0.3800E-01 0.2290E-01 0.1120E-01 0.5600E-02 0.0000E+00 0.0000E+00 0.0000E+00
0.6010E-01 0.4500E-01 0.1590E-01 0.1260E-01 0.6800E-02 0.2900E-02 0.0000E+00 0.0000E+00 0.0000E+00 0.0000E+00 0.0000E+00 0.4000E-03 0.3000E-02 0.5300E-02 0.8800E-02 0.1210E-01 0.1370E-01 0.1470E-01 0.1450E-01 0.1110E-01 0.1230E-01 0.1140E-01 0.1030E-01 0.7100E-02 0.8300E-02 0.8400E-02 0.1170E-01 0.1680E-01 0.2600E-01 0.3510E-01 0.4870E-01 0.6340E-01 0.7800E-01 0.3006E+00 0.3542E+00 0.1548E+00 0.8200E-01 0.3850E-01 0.3150E-01 0.4430E-01 0.4560E-01 0.5070E-01 0.5750E-01 0.7990E-01 0.2310E+00 0.6250E-01 0.4730E-01 0.5440E-01 0.2030E+00 0.3920E-01 0.1950E-01 0.1150E-01 0.4800E-02 0.1000E-03 0.0000E+00 0.0000E+00
0.2260E-01 0.2410E-01 0.8100E-02 0.3100E-02 0.1300E-02 0.0000E+00 0.0000E+00 0.0000E+00 0.0000E+00 0.0000E+00 0.0000E+00 0.0000E+00 0.0000E+00 0.0000E+00 0.0000E+00 0.0000E+00 0.0000E+00 0.0000E+00 0.0000E+00 0.0000E+00 0.0000E+00 0.0000E+00 0.0000E+00 0.0000E+00 0.0000E+00 0.6000E-03 0.4200E-02 0.6900E-02 0.1390E-01 0.1960E-01 0.2570E-01 0.3520E-01 0.4690E-01 0.5280E-01 0.7750E-01 0.2958E+00 0.3382E+00 0.5360E-01 0.5180E-01 0.6830E-01 0.8140E-01 0.5490E-01 0.4820E-01 0.5490E-01 0.1477E+00 0.2023E+00 0.8540E-01 0.7120E-01 0.1257E+00 0.1281E+00 0.2620E-01 0.1150E-01 0.3500E-02 0.2000E-03 0.0000E+00 0.0000E+00
-0.9990E+03 -0.9990E+03 0.0000E+00 0.0000E+00 0.0000E+00 0.0000E+00 0.0000E+00 0.0000E+00 0.0000E+00 0.0000E+00 0.0000E+00 0.0000E+00 0.0000E+00 0.0000E+00 0.0000E+00 0.0000E+00 0.0000E+00 0.0000E+00 0.0000E+00 0.0000E+00 0.0000E+00 0.0000E+00 0.0000E+00 0.0000E+00 0.0000E+00 0.0000E+00 0.0000E+00 0.0000E+00 0.2800E-02 0.6700E-02 0.9500E-02 0.1760E-01 0.2500E-01 0.2290E-01 0.2890E-01 0.7090E-01 0.1371E+00 0.3263E+00 0.3114E+00 0.3156E+00 0.2881E+00 0.2672E+00 0.7000E-01 0.7990E-01 0.1127E+00 0.3480E+00 0.3155E+00 0.2544E+00 0.2149E+00 0.1671E+00 0.2560E-01 0.9400E-02 0.2700E-02 0.2000E-03 0.0000E+00 0.0000E+00
-0.9990E+03 -0.9990E+03 -0.9990E+03 0.0000E+00 0.0000E+00 0.0000E+00 0.0000E+00 0.0000E+00 0.0000E+00 0.0000E+00 0.0000E+00 0.0000E+00 0.0000E+00 0.0000E+00 0.0000E+00 0.0000E+00 0.0000E+00 0.0000E+00 0.0000E+00 0.0000E+00 0.0000E+00 0.0000E+00 0.0000E+00 0.0000E+00 0.0000E+00 0.0000E+00 0.0000E+00 0.0000E+00 0.0000E+00 0.0000E+00 0.1400E-02 0.5600E-02 0.9800E-02 0.1120E-01 0.2060E-01 0.3350E-01 0.4860E-01 0.4710E-01 0.5660E-01 0.6400E-01 0.5740E-01 0.1461E+00 0.2878E+00 0.3727E+00 0.5192E+00 0.4052E+00 0.7530E-01 0.5220E-01 0.3160E-01 0.3640E-01 0.3000E-01 0.7300E-02 0.2200E-02 0.2000E-03 0.0000E+00 0.0000E+00
-0.9990E+03 -0.9990E+03 -0.9990E+03 -0.9990E+03 0.0000E+00 0.0000E+00 0.0000E+00 0.0000E+00 0.0000E+00 0.0000E+00 0.0000E+00 0.0000E+00 0.0000E+00 0.0000E+00 0.0000E+00 0.0000E+00 0.0000E+00 0.0000E+00 0.0000E+00 0.0000E+00 0.0000E+00 0.0000E+00 0.0000E+00 0.0000E+00 0.0000E+00 0.0000E+00 0.0000E+00 0.0000E+00 0.0000E+00 0.0000E+00 0.0000E+00 0.0000E+00 0.2200E-02 0.5400E-02 0.9800E-02 0.1520E-01 0.1290E-01 0.1720E-01 0.2850E-01 0.3160E-01 0.3340E-01 0.5680E-01 0.9490E-01 0.1699E+00 0.6260E+00 0.1114E+00 0.5440E-01 0.3960E-01 0.1940E-01 0.9800E-02 0.6800E-02 0.4400E-02 0.1900E-02 0.1000E-03 0.0000E+00 0.0000E+00
-0.9990E+03 -0.9990E+03 -0.9990E+03 -0.9990E+03 0.0000E+00 0.0000E+00 0.0000E+00 0.0000E+00 0.0000E+00 0.0000E+00 0.0000E+00 0.0000E+00 0.0000E+00 0.0000E+00 0.0000E+00 0.0000E+00 0.0000E+00 -0.9990E+03 -0.9990E+03 0.0000E+00 0.0000E+00 0.0000E+00 0.0000E+00 0.0000E+00 0.0000E+00 0.0000E+00 0.0000E+00 0.0000E+00 0.0000E+00 0.0000E+00 0.0000E+00 0.0000E+00 0.0000E+00 0.3000E-03 0.2800E-02 0.5700E-02 0.6500E-02 0.9400E-02 0.1000E-01 0.1670E-01 0.2080E-01 0.4250E-01 0.7630E-01 0.1467E+00 0.5645E+00 0.1099E+00 0.6410E-01 0.3650E-01 0.1700E-01 0.5400E-02 0.3500E-02 0.2200E-02 0.1100E-02 0.1000E-03 0.0000E+00 0.0000E+00
-0.9990E+03 -0.9990E+03 -0.9990E+03 -0.9990E+03 0.0000E+00 0.0000E+00 0.0000E+00 0.0000E+00 0.0000E+00 0.0000E+00 0.0000E+00 0.0000E+00 0.0000E+00 0.0000E+00 0.0000E+00 0.0000E+00 0.0000E+00 -0.9990E+03 -0.9990E+03 -0.9990E+03 -0.9990E+03 0.0000E+00 0.0000E+00 0.0000E+00 0.0000E+00 0.0000E+00 0.0000E+00 0.0000E+00 0.0000E+00 0.0000E+00 0.0000E+00 0.0000E+00 0.0000E+00 0.0000E+00 0.0000E+00 0.0000E+00 0.0000E+00 0.0000E+00 0.5000E-03 0.2100E-02 0.4400E-02 0.2560E-01 0.6100E-01 0.9940E-01 0.6754E+00 0.1785E+00 0.7310E-01 0.3370E-01 0.1260E-01 0.4000E-03 0.3000E-03 0.3000E-03 0.2000E-03 0.1000E-03 0.0000E+00 0.0000E+00
-0.9990E+03 -0.9990E+03 -0.9990E+03 0.0000E+00 0.0000E+00 0.0000E+00 0.0000E+00 0.0000E+00 0.0000E+00 0.0000E+00 0.0000E+00 0.0000E+00 0.0000E+00 0.0000E+00 0.0000E+00 0.0000E+00 0.0000E+00 -0.9990E+03 -0.9990E+03 -0.9990E+03 -0.9990E+03 -0.9990E+03 0.0000E+00 0.0000E+00 0.0000E+00 0.0000E+00 0.0000E+00 0.0000E+00 0.0000E+00 0.0000E+00 0.0000E+00 0.0000E+00 0.0000E+00 0.0000E+00 0.0000E+00 0.0000E+00 0.0000E+00 0.0000E+00 0.0000E+00 0.0000E+00 0.1000E-03 0.1450E-01 0.4180E-01 0.5980E-01 0.1098E+00 0.7347E+00 0.1010E+00 0.3310E-01 0.1370E-01 0.1000E-03 0.0000E+00 0.0000E+00 0.0000E+00 0.0000E+00 0.7000E-03 0.3100E-02
-0.9990E+03 -0.9990E+03 -0.9990E+03 0.0000E+00 0.0000E+00 0.0000E+00 0.0000E+00 0.0000E+00 0.0000E+00 0.0000E+00 0.0000E+00 0.0000E+00 0.0000E+00 0.0000E+00 0.0000E+00 0.0000E+00 0.0000E+00 -0.9990E+03 -0.9990E+03 -0.9990E+03 -0.9990E+03 -0.9990E+03 0.0000E+00 0.0000E+00 0.0000E+00 0.0000E+00 0.0000E+00 0.0000E+00 0.0000E+00 0.0000E+00 0.0000E+00 0.0000E+00 0.0000E+00 0.0000E+00 0.0000E+00 0.0000E+00 0.0000E+00 0.0000E+00 0.0000E+00 0.0000E+00 0.0000E+00 0.8900E-02 0.3130E-01 0.5160E-01 0.9270E-01 0.4928E+00 0.7130E-01 0.3140E-01 0.1560E-01 0.4000E-03 0.0000E+00 0.0000E+00 0.6000E-03 0.3300E-02 0.7000E-02 0.1000E-01
0.0000E+00 0.0000E+00 0.0000E+00 0.0000E+00 0.0000E+00 0.0000E+00 0.0000E+00 0.0000E+00 0.0000E+00 0.0000E+00 0.0000E+00 0.0000E+00 0.0000E+00 0.0000E+00 0.0000E+00 0.0000E+00 -0.9990E+03 -0.9990E+03 -0.9990E+03 -0.9990E+03 -0.9990E+03 -0.9990E+03 -0.9990E+03 0.0000E+00 0.0000E+00 0.0000E+00 0.0000E+00 0.0000E+00 0.0000E+00 0.0000E+00 0.0000E+00 0.0000E+00 0.0000E+00 0.0000E+00 0.0000E+00 0.0000E+00 0.0000E+00 0.0000E+00 0.0000E+00 0.0000E+00 0.0000E+00 0.5100E-02 0.2250E-01 0.3490E-01 0.7240E-01 0.4470E+00 0.8150E-01 0.5710E-01 0.4300E-01 0.3020E-01 0.2630E-01 0.2580E-01 0.3040E-01 0.2880E-01 0.2540E-01 0.2340E-01
0.0000E+00 0.0000E+00 0.0000E+00 0.0000E+00 0.0000E+00 0.0000E+00 0.0000E+00 0.0000E+00 0.0000E+00 0.0000E+00 0.0000E+00 0.0000E+00 0.0000E+00 0.0000E+00 0.0000E+00 -0.9990E+03 -0.9990E+03 -0.9990E+03 -0.9990E+03 -0.9990E+03 -0.9990E+03 -0.9990E+03 0.0000E+00 0.0000E+00 0.0000E+00 0.0000E+00 0.0000E+00 0.0000E+00 0.0000E+00 0.0000E+00 0.0000E+00 0.0000E+00 0.0000E+00 0.0000E+00 0.0000E+00 0.0000E+00 0.0000E+00 0.0000E+00 0.4000E-03 0.2200E-02 0.5700E-02 0.9600E-02 0.2350E-01 0.3700E-01 0.7170E-01 0.4175E+00 0.8820E-01 0.6370E-01 0.6020E-01 0.5380E-01 0.4120E-01 0.3980E-01 0.6510E-01 0.3910E-01 0.3530E-01 0.4150E-01
0.0000E+00 0.0000E+00 0.0000E+00 0.0000E+00 0.0000E+00 0.0000E+00 0.0000E+00 0.0000E+00 0.0000E+00 0.0000E+00 0.0000E+00 0.0000E+00 0.0000E+00 0.0000E+00 -0.9990E+03 -0.9990E+03 -0.9990E+03 -0.9990E+03 -0.9990E+03 -0.9990E+03 -0.9990E+03 0.0000E+00 0.0000E+00 0.0000E+00 0.0000E+00 0.0000E+00 0.0000E+00 0.0000E+00 0.0000E+00 0.0000E+00 0.0000E+00 0.0000E+00 0.0000E+00 0.0000E+00 0.0000E+00 0.0000E+00 0.0000E+00 0.1300E-02 0.4600E-02 0.9300E-02 0.1490E-01 0.2030E-01 0.3400E-01 0.4260E-01 0.7400E-01 0.3763E+00 0.1698E+00 0.1248E+00 0.1437E+00 0.1057E+00 0.9370E-01 0.9340E-01 0.1335E+00 0.9860E-01 0.6700E-01 0.1675E+00
-0.9990E+03 -0.9990E+03 -0.9990E+03 -0.9990E+03 -0.9990E+03 -0.9990E+03 -0.9990E+03 -0.9990E+03 -0.9990E+03 0.0000E+00 0.0000E+00 0.0000E+00 0.0000E+00 -0.9990E+03 -0.9990E+03 -0.9990E+03 -0.9990E+03 -0.9990E+03 -0.9990E+03 -0.9990E+03 -0.9990E+03 0.0000E+00 0.0000E+00 0.0000E+00 0.0000E+00 0.0000E+00 0.0000E+00 0.0000E+00 0.0000E+00 0.0000E+00 0.0000E+00 0.0000E+00 0.0000E+00 0.0000E+00 0.0000E+00 0.9000E-03 0.4200E-02 0.7500E-02 0.1350E-01 0.2120E-01 0.2620E-01 0.4930E-01 0.7620E-01 0.6390E-01 0.1852E+00 0.3742E+00 0.7395E+00 0.6305E+00 0.5074E+00 0.5480E+00 0.6109E+00 0.5064E+00 0.4546E+00 0.4335E+00 0.4193E+00 0.2941E+00
-0.9990E+03 -0.9990E+03 -0.9990E+03 -0.9990E+03 -0.9990E+03 -0.9990E+03 -0.9990E+03 -0.9990E+03 -0.9990E+03 -0.9990E+03 0.0000E+00 0.0000E+00 -0.9990E+03 -0.9990E+03 -0.9990E+03 -0.9990E+03 -0.9990E+03 -0.9990E+03 -0.9990E+03 -0.9990E+03 -0.9990E+03 0.0000E+00 0.0000E+00 0.0000E+00 0.0000E+00 0.0000E+00 0.0000E+00 0.0000E+00 0.0000E+00 0.0000E+00 0.0000E+00 0.0000E+00 0.0000E+00 0.0000E+00 0.1200E-02 0.4400E-02 0.9900E-02 0.1620E-01 0.2570E-01 0.3260E-01 0.5140E-01 0.1379E+00 0.3247E+00 0.2925E+00 0.2370E+00 0.1095E+00 0.1126E+00 0.8850E-01 0.7890E-01 0.8220E-01 0.9460E-01 0.3788E+00 0.1385E+00 0.8620E-01 0.7970E-01 0.6450E-01
-0.9990E+03 -0.9990E+03 -0.9990E+03 -0.9990E+03 -0.9990E+03 -0.9990E+03 -0.9990E+03 -0.9990E+03 -0.9990E+03 -0.9990E+03 -0.9990E+03 -0.9990E+03 -0.9990E+03 -0.9990E+03 -0.9990E+03 -0.9990E+03 -0.9990E+03 -0.9990E+03 -0.9990E+03 -0.9990E+03 -0.9990E+03 0.0000E+00 0.0000E+00 0.0000E+00 0.0000E+00 0.0000E+00 0.0000E+00 0.0000E+00 0.0000E+00 0.0000E+00 0.0000E+00 0.0000E+00 0.5000E-03 0.3400E-02 0.6900E-02 0.1230E-01 0.2100E-01 0.3270E-01 0.5550E-01 0.7750E-01 0.2640E+00 0.3025E+00 0.6140E-01 0.6190E-01 0.5680E-01 0.5270E-01 0.3650E-01 0.3470E-01 0.4170E-01 0.6430E-01 0.8560E-01 0.2831E+00 0.9770E-01 0.5520E-01 0.4300E-01 0.2150E-01
-0.9990E+03 -0.9990E+03 -0.9990E+03 -0.9990E+03 -0.9990E+03 -0.9990E+03 -0.9990E+03 -0.9990E+03 -0.9990E+03 -0.9990E+03 -0.9990E+03 -0.9990E+03 -0.9990E+03 -0.9990E+03 -0.9990E+03 -0.9990E+03 -0.9990E+03 -0.9990E+03 -0.9990E+03 -0.9990E+03 -0.9990E+03 -0.9990E+03 0.0000E+00 0.0000E+00 0.0000E+00 0.0000E+00 0.0000E+00 0.0000E+00 0.0000E+00 0.0000E+00 0.0000E+00 0.6000E-03 0.4100E-02 0.8800E-02 0.1520E-01 0.2460E-01 0.4050E-01 0.6710E-01 0.1796E+00 0.3732E+00 0.9600E-01 0.4460E-01 0.2910E-01 0.3000E-01 0.3120E-01 0.2960E-01 0.3150E-01 0.3070E-01 0.2840E-01 0.3780E-01 0.7090E-01 0.2212E+00 0.2488E+00 0.7360E-01 0.4290E-01 0.1760E-01
-0.9990E+03 -0.9990E+03 -0.9990E+03 -0.9990E+03 -0.9990E+03 -0.9990E+03 -0.9990E+03 -0.9990E+03 -0.9990E+03 -0.9990E+03 -0.9990E+03 -0.9990E+03 -0.9990E+03 -0.9990E+03 -0.9990E+03 -0.9990E+03 -0.9990E+03 -0.9990E+03 -0.9990E+03 -0.9990E+03 -0.9990E+03 -0.9990E+03 -0.9990E+03 0.0000E+00 0.0000E+00 0.0000E+00 0.0000E+00 0.0000E+00 0.0000E+00 0.0000E+00 0.8000E-03 0.2100E-02 0.8500E-02 0.9300E-02 0.1680E-01 0.3860E-01 0.5980E-01 0.2515E+00 0.2066E+00 0.6810E-01 0.3720E-01 0.2670E-01 0.1980E-01 0.1030E-01 0.8700E-02 0.5500E-02 0.3000E-02 0.9000E-03 0.4600E-02 0.1330E-01 0.2920E-01 0.6180E-01 0.2967E+00 0.5860E-01 0.3930E-01 0.2220E-01
-0.9990E+03 -0.9990E+03 -0.9990E+03 -0.9990E+03 -0.9990E+03 -0.9990E+03 -0.9990E+03 -0.9990E+03 -0.9990E+03 -0.9990E+03 -0.9990E+03 -0.9990E+03 -0.9990E+03 -0.9990E+03 -0.9990E+03 -0.9990E+03 -0.9990E+03 -0.9990E+03 -0.9990E+03 -0.9990E+03 -0.9990E+03 -0.9990E+03 -0.9990E+03 0.0000E+00 0.0000E+00 0.0000E+00 0.0000E+00 0.0000E+00 0.0000E+00 0.1000E-02 0.2500E-02 0.7200E-02 0.1630E-01 0.3000E-01 0.5780E-01 0.1265E+00 0.3279E+00 0.9000E-01 0.3100E-01 0.2880E-01 0.1880E-01 0.9100E-02 0.7200E-02 0.2800E-02 0.1700E-02 0.4000E-03 0.5000E-03 0.6000E-03 0.2600E-02 0.7800E-02 0.1910E-01 0.3020E-01 0.1027E+00 0.2489E+00 0.5600E-01 0.3660E-01
-0.9990E+03 -0.9990E+03 -0.9990E+03 -0.9990E+03 -0.9990E+03 -0.9990E+03 -0.9990E+03 -0.9990E+03 -0.9990E+03 -0.9990E+03 -0.9990E+03 -0.9990E+03 -0.9990E+03 -0.9990E+03 -0.9990E+03 -0.9990E+03 -0.9990E+03 -0.9990E+03 -0.9990E+03 -0.9990E+03 -0.9990E+03 -0.9990E+03 -0.9990E+03 -0.9990E+03 0.0000E+00 0.0000E+00 0.0000E+00 0.4000E-03 0.1600E-02 0.4300E-02 0.6900E-02 0.1540E-01 0.2810E-01 0.5630E-01 0.1893E+00 0.2683E+00 0.7170E-01 0.2500E-01 0.2070E-01 0.1480E-01 0.8500E-02 0.4000E-02 0.1600E-02 0.6000E-03 0.7000E-03 0.1100E-02 0.2000E-02 0.1900E-02 0.1700E-02 0.4500E-02 0.1080E-01 0.2060E-01 0.3540E-01 0.2362E+00 0.8690E-01 0.7120E-01
-0.9990E+03 -0.9990E+03 -0.9990E+03 -0.9990E+03 -0.9990E+03 -0.9990E+03 -0.9990E+03 -0.9990E+03 -0.9990E+03 -0.9990E+03 -0.9990E+03 -0.9990E+03 -0.9990E+03 -0.9990E+03 -0.9990E+03 -0.9990E+03 -0.9990E+03 -0.9990E+03 -0.9990E+03 -0.9990E+03 -0.9990E+03 -0.9990E+03 -0.9990E+03 -0.9990E+03 -0.9990E+03 0.0000E+00 0.0000E+00 0.5000E-03 0.2000E-02 0.5500E-02 0.9800E-02 0.2380E-01 0.4940E-01 0.1695E+00 0.2034E+00 0.4180E-01 0.3110E-01 0.1960E-01 0.1130E-01 0.5900E-02 0.2400E-02 0.8000E-03 0.2000E-03 0.8000E-03 0.1300E-02 0.3000E-02 0.1560E-01 0.1220E-01 0.1700E-02 0.2800E-02 0.6300E-02 0.1080E-01 0.1960E-01 0.5320E-01 0.2672E+00 0.2827E+00
-0.9990E+03 -0.9990E+03 -0.9990E+03 -0.9990E+03 -0.9990E+03 -0.9990E+03 -0.9990E+03 -0.9990E+03 -0.9990E+03 -0.9990E+03 -0.9990E+03 -0.9990E+03 -0.9990E+03 -0.9990E+03 -0.9990E+03 -0.9990E+03 -0.9990E+03 -0.9990E+03 -0.9990E+03 -0.9990E+03 -0.9990E+03 -0.9990E+03 -0.9990E+03 -0.9990E+03 -0.9990E+03 0.0000E+00 0.0000E+00 0.6000E-03 0.2400E-02 0.6800E-02 0.1850E-01 0.4060E-01 0.2037E+00 0.1320E+00 0.4610E-01 0.1930E-01 0.1200E-01 0.1030E-01 0.5400E-02 0.2200E-02 0.2000E-03 0.0000E+00 0.5000E-03 0.1100E-02 0.2200E-02 0.4400E-02 0.1760E-01 0.4900E-02 0.2100E-02 0.1100E-02 0.3400E-02 0.6300E-02 0.1200E-01 0.2980E-01 0.5940E-01 0.1347E+00
-0.9990E+03 -0.9990E+03 -0.9990E+03 -0.9990E+03 -0.9990E+03 -0.9990E+03 -0.9990E+03 -0.9990E+03 -0.9990E+03 -0.9990E+03 -0.9990E+03 -0.9990E+03 -0.9990E+03 -0.9990E+03 -0.9990E+03 -0.9990E+03 -0.9990E+03 -0.9990E+03 -0.9990E+03 -0.9990E+03 -0.9990E+03 -0.9990E+03 -0.9990E+03 -0.9990E+03 -0.9990E+03 0.0000E+00 0.0000E+00 0.7000E-03 0.2800E-02 0.9000E-02 0.8620E-01 0.1996E+00 0.1055E+00 0.2520E-01 0.1740E-01 0.8300E-02 0.4800E-02 0.4200E-02 0.1500E-02 0.0000E+00 0.0000E+00 0.1000E-03 0.1000E-02 0.2100E-02 0.3700E-02 0.7000E-02 0.3630E-01 0.4800E-02 0.2000E-02 0.6000E-03 0.1300E-02 0.3500E-02 0.6700E-02 0.1700E-01 0.3130E-01 0.4890E-01
