FinalAssignment/conc_pm25_2018/rwc_pm25_2018.asc
NCOLS          280
NROWS          320
XLLCORNER            0
YLLCORNER       300000
CELLSIZE         1000
NODATA_VALUE  -0.9990E+03
[rows 175 to 199 of 320, columns 112 to 167 of 280]
0.0000E+00 0.0000E+00 0.0000E+00 0.0000E+00 0.0000E+00 0.0000E+00 0.0000E+00 0.0000E+00 0.0000E+00 0.0000E+00 0.0000E+00 0.0000E+00 0.0000E+00 0.0000E+00 0.0000E+00 0.0000E+00 0.0000E+00 0.2000E-03 0.1400E-01 0.2950E-01 0.7510E-01 0.1649E+00 0.3428E+00 0.2518E+00 0.2764E+00 0.8900E-01 0.4350E-01 0.1640E-01 0.3000E-03 0.0000E+00 0.0000E+00 0.0000E+00 0.0000E+00 0.0000E+00 0.0000E+00 0.0000E+00 0.0000E+00 0.0000E+00 0.0000E+00 0.0000E+00 0.0000E+00 0.0000E+00 0.0000E+00 0.0000E+00 0.0000E+00 0.0000E+00 0.0000E+00 0.0000E+00 0.0000E+00 0.0000E+00 0.0000E+00 0.0000E+00 0.0000E+00 0.0000E+00 0.0000E+00 0.0000E+00
0.0000E+00 0.0000E+00 0.0000E+00 0.0000E+00 0.0000E+00 0.0000E+00 0.0000E+00 0.0000E+00 0.0000E+00 0.0000E+00 0.0000E+00 0.0000E+00 0.0000E+00 0.0000E+00 0.2800E-02 0.8100E-02 0.1460E-01 0.1930E-01 0.3520E-01 0.5300E-01 0.8160E-01 0.8590E-01 0.2488E+00 0.7254E+00 0.1662E+00 0.8640E-01 0.4890E-01 0.2210E-01 0.4700E-02 0.0000E+00 0.0000E+00 0.0000E+00 0.0000E+00 0.0000E+00 0.0000E+00 0.0000E+00 0.0000E+00 0.0000E+00 0.0000E+00 0.0000E+00 0.0000E+00 0.0000E+00 0.0000E+00 0.0000E+00 0.0000E+00 0.0000E+00 0.0000E+00 0.0000E+00 0.0000E+00 0.0000E+00 0.0000E+00 0.0000E+00 0.0000E+00 0.0000E+00 0.0000E+00 0.0000E+00
0.0000E+00 0.0000E+00 0.0000E+00 0.0000E+00 0.0000E+00 0.0000E+00 0.0000E+00 0.0000E+00 0.0000E+00 0.0000E+00 0.0000E+00 0.0000E+00 0.0000E+00 0.1800E-02 0.7200E-02 0.1760E-01 0.2700E-01 0.4300E-01 0.5850E-01 0.6470E-01 0.9010E-01 0.1395E+00 0.3100E+00 0.6944E+00 0.3099E+00 0.1127E+00 0.6160E-01 0.3220E-01 0.1330E-01 0.4700E-02 0.0000E+00 0.0000E+00 0.0000E+00 0.0000E+00 0.0000E+00 0.0000E+00 0.0000E+00 0.0000E+00 0.0000E+00 0.0000E+00 0.0000E+00 0.0000E+00 0.0000E+00 0.0000E+00 0.0000E+00 0.0000E+00 0.0000E+00 0.0000E+00 0.0000E+00 0.0000E+00 0.0000E+00 0.0000E+00 0.0000E+00 0.0000E+00 0.0000E+00 0.0000E+00
0.0000E+00 0.0000E+00 0.0000E+00 0.0000E+00 0.0000E+00 0.0000E+00 0.0000E+00 0.0000E+00 0.0000E+00 0.0000E+00 0.0000E+00 0.0000E+00 0.0000E+00 0.6000E-02 0.1710E-01 0.2920E-01 0.4550E-01 0.9730E-01 0.7310E-01 0.1031E+00 0.1357E+00 0.3202E+00 0.4133E+00 0.1732E+00 0.5411E+00 0.1600E+00 0.8800E-01 0.4100E-01 0.2570E-01 0.1270E-01 0.4400E-02 0.0000E+00 0.0000E+00 0.0000E+00 0.0000E+00 0.0000E+00 0.0000E+00 0.0000E+00 0.0000E+00 0.0000E+00 0.0000E+00 0.0000E+00 0.0000E+00 0.0000E+00 0.0000E+00 0.0000E+00 0.0000E+00 0.0000E+00 0.0000E+00 0.0000E+00 0.0000E+00 0.0000E+00 0.0000E+00 0.0000E+00 0.0000E+00 0.0000E+00
0.0000E+00 0.0000E+00 0.0000E+00 0.0000E+00 0.0000E+00 0.0000E+00 0.0000E+00 0.0000E+00 0.0000E+00 0.0000E+00 0.0000E+00 0.0000E+00 0.3200E-02 0.5900E-02 0.2270E-01 0.5280E-01 0.1071E+00 0.4298E+00 0.4122E+00 0.3932E+00 0.3841E+00 0.2507E+00 0.1163E+00 0.1144E+00 0.2799E+00 0.5113E+00 0.1463E+00 0.7880E-01 0.4290E-01 0.2310E-01 0.5400E-02 0.9000E-03 0.0000E+00 0.0000E+00 0.0000E+00 0.0000E+00 0.0000E+00 0.0000E+00 0.0000E+00 0.0000E+00 0.0000E+00 0.0000E+00 0.0000E+00 0.0000E+00 0.0000E+00 0.0000E+00 0.0000E+00 0.0000E+00 0.0000E+00 0.0000E+00 0.0000E+00 0.0000E+00 0.0000E+00 0.0000E+00 0.1800E-02 0.4300E-02
0.0000E+00 0.0000E+00 0.0000E+00 0.0000E+00 0.0000E+00 0.0000E+00 0.0000E+00 0.0000E+00 0.0000E+00 0.0000E+00 0.0000E+00 0.0000E+00 0.6400E-02 0.1900E-01 0.3910E-01 0.8540E-01 0.3506E+00 0.2610E+00 0.1166E+00 0.9540E-01 0.8540E-01 0.6820E-01 0.6100E-01 0.7070E-01 0.1082E+00 0.2593E+00 0.4932E+00 0.1346E+00 0.6990E-01 0.3570E-01 0.9600E-02 0.3200E-02 0.0000E+00 0.0000E+00 0.0000E+00 0.0000E+00 0.0000E+00 0.0000E+00 0.0000E+00 0.0000E+00 0.0000E+00 0.0000E+00 0.0000E+00 0.0000E+00 0.0000E+00 0.0000E+00 0.9000E-03 0.4200E-02 0.8300E-02 0.1320E-01 0.1530E-01 0.1230E-01 0.1280E-01 0.2290E-01 0.2180E-01 0.2350E-01
0.0000E+00 0.0000E+00 0.0000E+00 0.0000E+00 0.0000E+00 0.0000E+00 0.0000E+00 0.0000E+00 0.0000E+00 0.0000E+00 0.0000E+00 0.0000E+00 0.1050E-01 0.2670E-01 0.5800E-01 0.1276E+00 0.4518E+00 0.1096E+00 0.6970E-01 0.5070E-01 0.3780E-01 0.3290E-01 0.3320E-01 0.3960E-01 0.6010E-01 0.9960E-01 0.2340E+00 0.4609E+00 0.1124E+00 0.5190E-01 0.2490E-01 0.1230E-01 0.1700E-02 0.0000E+00 0.0000E+00 0.0000E+00 0.0000E+00 0.0000E+00 0.0000E+00 0.0000E+00 0.0000E+00 0.0000E+00 0.0000E+00 0.0000E+00 0.1200E-02 0.5000E-02 0.1060E-01 0.1750E-01 0.2550E-01 0.3150E-01 0.4120E-01 0.4340E-01 0.3830E-01 0.3440E-01 0.3420E-01 0.1930E-01
0.0000E+00 0.0000E+00 0.0000E+00 0.0000E+00 0.0000E+00 0.0000E+00 0.0000E+00 0.0000E+00 0.0000E+00 0.0000E+00 0.0000E+00 0.3100E-02 0.1630E-01 0.3680E-01 0.8490E-01 0.4037E+00 0.1348E+00 0.7280E-01 0.4760E-01 0.2910E-01 0.1940E-01 0.1400E-01 0.1500E-01 0.2010E-01 0.2950E-01 0.5820E-01 0.1118E+00 0.4012E+00 0.2567E+00 0.8210E-01 0.4170E-01 0.2050E-01 0.6000E-02 0.0000E+00 0.0000E+00 0.0000E+00 0.0000E+00 0.0000E+00 0.0000E+00 0.0000E+00 0.3000E-02 0.5500E-02 0.8600E-02 0.1180E-01 0.1520E-01 0.2040E-01 0.2770E-01 0.3400E-01 0.4550E-01 0.6600E-01 0.8340E-01 0.9180E-01 0.8670E-01 0.7560E-01 0.6630E-01 0.6030E-01
0.0000E+00 0.0000E+00 0.0000E+00 0.0000E+00 0.0000E+00 0.0000E+00 0.0000E+00 0.0000E+00 0.0000E+00 0.0000E+00 0.0000E+00 0.7400E-02 0.2330E-01 0.4680E-01 0.9470E-01 0.3486E+00 0.7900E-01 0.4460E-01 0.2120E-01 0.6400E-02 0.1000E-02 0.0000E+00 0.1200E-02 0.7000E-02 0.1490E-01 0.3670E-01 0.6900E-01 0.1242E+00 0.4827E+00 0.1145E+00 0.5810E-01 0.2480E-01 0.1080E-01 0.2900E-02 0.0000E+00 0.0000E+00 0.0000E+00 0.0000E+00 0.7000E-03 0.4600E-02 0.1050E-01 0.1620E-01 0.2280E-01 0.2420E-01 0.2820E-01 0.2790E-01 0.3720E-01 0.4350E-01 0.9450E-01 0.1807E+00 0.3348E+00 0.3017E+00 0.2901E+00 0.2890E+00 0.2757E+00 0.2190E+00
0.0000E+00 0.0000E+00 0.0000E+00 0.0000E+00 0.0000E+00 0.0000E+00 0.0000E+00 0.0000E+00 0.0000E+00 0.0000E+00 0.0000E+00 0.1200E-01 0.2480E-01 0.5810E-01 0.1192E+00 0.3844E+00 0.7510E-01 0.3570E-01 0.1380E-01 0.2500E-02 0.0000E+00 0.0000E+00 0.0000E+00 0.1000E-02 0.8300E-02 0.2270E-01 0.4340E-01 0.9410E-01 0.3669E+00 0.2775E+00 0.8340E-01 0.3790E-01 0.2020E-01 0.7900E-02 0.0000E+00 0.0000E+00 0.0000E+00 0.2000E-02 0.6300E-02 0.7000E-02 0.2220E-01 0.3040E-01 0.4480E-01 0.6250E-01 0.6080E-01 0.5460E-01 0.5210E-01 0.1737E+00 0.3670E+00 0.3189E+00 0.7430E-01 0.6400E-01 0.5400E-01 0.5150E-01 0.4870E-01 0.3220E-01
0.0000E+00 0.0000E+00 0.0000E+00 0.0000E+00 0.0000E+00 0.0000E+00 0.0000E+00 0.0000E+00 0.0000E+00 0.0000E+00 0.3100E-02 0.1660E-01 0.4070E-01 0.8520E-01 0.3772E+00 0.1384E+00 0.5540E-01 0.2630E-01 0.8200E-02 0.1000E-03 0.0000E+00 0.0000E+00 0.0000E+00 0.0000E+00 0.2800E-02 0.1340E-01 0.2990E-01 0.6170E-01 0.1166E+00 0.4871E+00 0.1077E+00 0.6030E-01 0.3190E-01 0.1500E-01 0.4000E-02 0.0000E+00 0.2800E-02 0.8000E-02 0.1610E-01 0.2850E-01 0.3900E-01 0.6620E-01 0.7640E-01 0.3318E+00 0.2502E+00 0.2426E+00 0.2471E+00 0.1892E+00 0.7990E-01 0.6620E-01 0.4590E-01 0.3760E-01 0.3370E-01 0.3050E-01 0.2850E-01 0.2680E-01
0.0000E+00 0.0000E+00 0.0000E+00 0.0000E+00 0.0000E+00 0.0000E+00 0.0000E+00 0.0000E+00 0.0000E+00 0.0000E+00 0.7200E-02 0.2520E-01 0.4800E-01 0.1026E+00 0.4141E+00 0.9500E-01 0.4450E-01 0.2020E-01 0.4700E-02 0.0000E+00 0.0000E+00 0.0000E+00 0.0000E+00 0.0000E+00 0.0000E+00 0.6900E-02 0.1770E-01 0.3830E-01 0.7260E-01 0.1868E+00 0.3641E+00 0.8980E-01 0.4610E-01 0.3230E-01 0.1520E-01 0.1800E-01 0.2120E-01 0.1980E-01 0.3920E-01 0.6060E-01 0.9610E-01 0.1931E+00 0.4187E+00 0.1210E+00 0.3890E-01 0.3470E-01 0.3210E-01 0.4230E-01 0.3640E-01 0.3250E-01 0.2840E-01 0.2440E-01 0.2070E-01 0.1840E-01 0.1400E-01 0.1290E-01
0.0000E+00 0.0000E+00 0.0000E+00 0.0000E+00 0.0000E+00 0.0000E+00 0.0000E+00 0.0000E+00 0.0000E+00 0.1000E-03 0.1200E-01 0.3350E-01 0.4910E-01 0.1225E+00 0.3973E+00 0.7990E-01 0.3790E-01 0.1450E-01 0.2400E-02 0.0000E+00 0.0000E+00 0.0000E+00 0.0000E+00 0.0000E+00 0.0000E+00 0.2200E-02 0.9500E-02 0.2810E-01 0.5380E-01 0.1085E+00 0.5197E+00 0.1419E+00 0.8250E-01 0.4880E-01 0.3660E-01 0.2590E-01 0.2340E-01 0.2880E-01 0.6530E-01 0.1051E+00 0.2952E+00 0.3770E+00 0.8660E-01 0.4960E-01 0.2270E-01 0.1730E-01 0.2180E-01 0.1890E-01 0.1210E-01 0.1030E-01 0.7200E-02 0.2100E-02 0.8000E-03 0.0000E+00 0.0000E+00 0.0000E+00
0.0000E+00 0.0000E+00 0.0000E+00 0.0000E+00 0.0000E+00 0.0000E+00 0.0000E+00 0.0000E+00 0.1300E-02 0.8000E-02 0.2560E-01 0.5400E-01 0.9460E-01 0.4006E+00 0.1354E+00 0.5380E-01 0.4620E-01 0.2660E-01 0.1490E-01 0.1330E-01 0.1100E-01 0.7000E-02 0.1490E-01 0.2000E-01 0.2190E-01 0.2420E-01 0.3380E-01 0.4580E-01 0.7040E-01 0.1176E+00 0.2826E+00 0.5104E+00 0.1662E+00 0.1073E+00 0.1094E+00 0.6120E-01 0.8000E-01 0.7240E-01 0.1025E+00 0.3655E+00 0.2927E+00 0.7750E-01 0.4750E-01 0.1680E-01 0.1430E-01 0.1350E-01 0.9100E-02 0.5800E-02 0.3700E-02 0.2000E-02 0.7000E-03 0.0000E+00 0.0000E+00 0.0000E+00 0.0000E+00 0.0000E+00
0.8700E-02 0.4700E-02 0.8000E-03 0.0000E+00 0.3000E-03 0.3600E-02 0.7800E-02 0.1320E-01 0.1920E-01 0.3150E-01 0.5420E-01 0.8320E-01 0.1342E+00 0.4412E+00 0.1235E+00 0.4960E-01 0.4590E-01 0.4030E-01 0.3450E-01 0.2700E-01 0.2910E-01 0.2680E-01 0.3670E-01 0.4310E-01 0.4460E-01 0.4460E-01 0.4670E-01 0.5590E-01 0.7580E-01 0.1156E+00 0.2051E+00 0.6204E+00 0.2770E+00 0.2283E+00 0.3621E+00 0.3457E+00 0.3720E+00 0.3741E+00 0.3562E+00 0.1975E+00 0.7410E-01 0.3640E-01 0.2390E-01 0.1180E-01 0.6900E-02 0.2800E-02 0.2000E-03 0.0000E+00 0.0000E+00 0.0000E+00 0.0000E+00 0.0000E+00 0.0000E+00 0.0000E+00 0.0000E+00 0.0000E+00
0.2040E-01 0.1590E-01 0.1230E-01 0.1260E-01 0.1450E-01 0.1840E-01 0.2390E-01 0.3100E-01 0.2360E-01 0.5560E-01 0.8330E-01 0.1262E+00 0.2010E+00 0.4356E+00 0.1239E+00 0.7700E-01 0.7600E-01 0.7800E-01 0.7050E-01 0.5170E-01 0.4620E-01 0.5280E-01 0.7450E-01 0.8810E-01 0.8860E-01 0.8930E-01 0.8720E-01 0.9000E-01 0.1106E+00 0.1471E+00 0.3886E+00 0.5187E+00 0.8606E+00 0.4414E+00 0.1962E+00 0.1085E+00 0.8260E-01 0.7800E-01 0.7160E-01 0.5400E-01 0.3230E-01 0.2060E-01 0.1270E-01 0.5700E-02 0.2200E-02 0.0000E+00 0.0000E+00 0.0000E+00 0.0000E+00 0.0000E+00 0.0000E+00 0.0000E+00 0.0000E+00 0.0000E+00 0.0000E+00 0.0000E+00
0.3000E-01 0.2290E-01 0.1950E-01 0.2000E-01 0.2260E-01 0.2810E-01 0.3680E-01 0.4810E-01 0.8090E-01 0.1051E+00 0.1316E+00 0.2703E+00 0.7307E+00 0.3201E+00 0.2492E+00 0.2554E+00 0.3019E+00 0.2955E+00 0.2814E+00 0.9470E-01 0.8540E-01 0.9610E-01 0.2878E+00 0.3215E+00 0.3090E+00 0.3011E+00 0.3039E+00 0.3061E+00 0.3159E+00 0.3224E+00 0.1415E+00 0.1891E+00 0.5194E+00 0.3078E+00 0.1107E+00 0.8030E-01 0.5600E-01 0.4550E-01 0.3130E-01 0.2420E-01 0.1600E-01 0.8300E-02 0.3100E-02 0.1200E-02 0.0000E+00 0.0000E+00 0.0000E+00 0.0000E+00 0.0000E+00 0.0000E+00 0.0000E+00 0.0000E+00 0.0000E+00 0.0000E+00 0.0000E+00 0.0000E+00
0.4760E-01 0.4290E-01 0.4120E-01 0.4010E-01 0.4230E-01 0.4950E-01 0.6970E-01 0.1159E+00 0.3596E+00 0.3686E+00 0.3631E+00 0.2778E+00 0.4189E+00 0.8880E-01 0.5960E-01 0.4550E-01 0.4090E-01 0.6330E-01 0.7380E-01 0.2693E+00 0.2978E+00 0.2936E+00 0.1035E+00 0.7710E-01 0.7270E-01 0.7160E-01 0.7170E-01 0.7130E-01 0.7450E-01 0.7800E-01 0.7770E-01 0.1041E+00 0.1561E+00 0.4473E+00 0.1075E+00 0.7270E-01 0.4430E-01 0.3080E-01 0.1500E-01 0.9300E-02 0.6300E-02 0.2700E-02 0.7000E-03 0.0000E+00 0.0000E+00 0.0000E+00 0.0000E+00 0.0000E+00 0.0000E+00 0.0000E+00 0.0000E+00 0.0000E+00 0.0000E+00 0.0000E+00 0.0000E+00 0.0000E+00
0.2186E+00 0.2285E+00 0.2407E+00 0.2061E+00 0.2263E+00 0.2265E+00 0.2706E+00 0.3072E+00 0.5850E-01 0.1042E+00 0.1201E+00 0.1568E+00 0.4901E+00 0.1071E+00 0.4530E-01 0.3930E-01 0.2730E-01 0.3120E-01 0.4040E-01 0.3600E-01 0.6430E-01 0.6060E-01 0.4580E-01 0.3850E-01 0.3290E-01 0.2030E-01 0.2940E-01 0.3070E-01 0.2590E-01 0.3840E-01 0.3940E-01 0.5870E-01 0.8440E-01 0.2440E+00 0.3324E+00 0.8460E-01 0.3120E-01 0.1510E-01 0.0000E+00 0.0000E+00 0.0000E+00 0.0000E+00 0.0000E+00 0.0000E+00 0.0000E+00 0.0000E+00 0.0000E+00 0.0000E+00 0.0000E+00 0.0000E+00 0.0000E+00 0.0000E+00 0.0000E+00 0.0000E+00 0.0000E+00 0.0000E+00
0.3150E-01 0.3400E-01 0.3720E-01 0.7490E-01 0.3880E-01 0.4370E-01 0.5630E-01 0.5780E-01 0.5280E-01 0.6340E-01 0.1014E+00 0.2288E+00 0.2880E+00 0.5450E-01 0.4740E-01 0.2610E-01 0.1620E-01 0.2080E-01 0.2480E-01 0.2900E-01 0.3090E-01 0.2870E-01 0.1170E-01 0.2240E-01 0.2370E-01 0.2330E-01 0.2260E-01 0.2040E-01 0.1680E-01 0.1580E-01 0.1210E-01 0.3230E-01 0.5950E-01 0.1113E+00 0.4930E+00 0.9240E-01 0.3830E-01 0.1930E-01 0.0000E+00 0.0000E+00 0.0000E+00 0.0000E+00 0.0000E+00 0.0000E+00 0.0000E+00 0.0000E+00 0.0000E+00 0.0000E+00 0.0000E+00 0.0000E+00 0.0000E+00 0.0000E+00 0.0000E+00 0.0000E+00 0.0000E+00 0.0000E+00
0.1790E-01 0.1640E-01 0.1760E-01 0.2030E-01 0.2000E-01 0.2270E-01 0.2650E-01 0.2720E-01 0.2060E-01 0.2980E-01 0.1038E+00 0.4751E+00 0.9900E-01 0.4650E-01 0.2980E-01 0.5700E-02 0.1400E-02 0.5300E-02 0.9200E-02 0.1090E-01 0.1160E-01 0.1030E-01 0.8100E-02 0.4700E-02 0.2000E-02 0.2000E-03 0.0000E+00 0.0000E+00 0.0000E+00 0.0000E+00 0.4100E-02 0.3030E-01 0.3250E-01 0.5680E-01 0.3735E+00 0.8580E-01 0.4220E-01 0.2230E-01 0.0000E+00 0.0000E+00 0.0000E+00 0.0000E+00 0.0000E+00 0.0000E+00 0.0000E+00 0.0000E+00 0.0000E+00 0.0000E+00 0.0000E+00 0.0000E+00 0.0000E+00 0.0000E+00 0.0000E+00 0.0000E+00 0.0000E+00 0.0000E+00
0.7600E-02 0.9300E-02 0.1070E-01 0.1190E-01 0.1290E-01 0.1210E-01 0.1110E-01 0.8800E-02 0.1670E-01 0.4410E-01 0.1037E+00 0.4466E+00 0.9730E-01 0.4590E-01 0.2720E-01 0.3900E-02 0.0000E+00 0.0000E+00 0.0000E+00 0.0000E+00 0.0000E+00 0.0000E+00 0.0000E+00 0.0000E+00 0.0000E+00 0.0000E+00 0.0000E+00 0.0000E+00 0.0000E+00 0.0000E+00 0.1100E-02 0.2890E-01 0.3950E-01 0.6510E-01 0.4035E+00 0.9020E-01 0.4580E-01 0.2610E-01 0.0000E+00 0.0000E+00 0.0000E+00 0.0000E+00 0.0000E+00 0.0000E+00 0.0000E+00 0.0000E+00 0.0000E+00 0.0000E+00 0.0000E+00 0.0000E+00 0.0000E+00 0.0000E+00 0.0000E+00 0.0000E+00 0.0000E+00 0.0000E+00
0.6000E-03 0.7000E-03 0.7000E-03 0.7000E-03 0.6000E-03 0.4000E-03 0.3000E-03 0.0000E+00 0.2530E-01 0.4560E-01 0.1021E+00 0.4463E+00 0.9370E-01 0.4140E-01 0.2220E-01 0.1000E-02 0.0000E+00 0.0000E+00 0.0000E+00 0.0000E+00 0.0000E+00 0.0000E+00 0.0000E+00 0.0000E+00 0.0000E+00 0.0000E+00 0.0000E+00 0.0000E+00 0.0000E+00 0.0000E+00 0.1000E-03 0.2940E-01 0.4520E-01 0.1141E+00 0.4938E+00 0.1132E+00 0.5250E-01 0.3000E-01 0.4000E-02 0.0000E+00 0.0000E+00 0.0000E+00 0.0000E+00 0.0000E+00 0.0000E+00 0.0000E+00 0.0000E+00 0.0000E+00 0.0000E+00 0.0000E+00 0.0000E+00 0.0000E+00 0.0000E+00 0.0000E+00 0.0000E+00 0.0000E+00
0.0000E+00 0.0000E+00 0.0000E+00 0.0000E+00 0.0000E+00 0.0000E+00 0.0000E+00 0.1000E-02 0.2750E-01 0.4690E-01 0.8080E-01 0.4450E+00 0.9290E-01 0.4050E-01 0.2190E-01 0.0000E+00 0.0000E+00 0.0000E+00 0.0000E+00 0.0000E+00 0.0000E+00 0.0000E+00 0.0000E+00 0.0000E+00 0.0000E+00 0.0000E+00 0.0000E+00 0.0000E+00 0.0000E+00 0.0000E+00 0.1000E-03 0.2470E-01 0.4360E-01 0.1188E+00 0.5026E+00 0.1272E+00 0.6430E-01 0.3360E-01 0.1160E-01 0.2600E-02 0.0000E+00 0.0000E+00 0.0000E+00 0.0000E+00 0.0000E+00 0.0000E+00 0.0000E+00 0.0000E+00 0.0000E+00 0.0000E+00 0.0000E+00 0.0000E+00 0.0000E+00 0.0000E+00 0.0000E+00 0.4000E-03
0.0000E+00 0.0000E+00 0.0000E+00 0.0000E+00 0.0000E+00 0.0000E+00 0.0000E+00 0.4300E-02 0.2860E-01 0.4760E-01 0.6760E-01 0.3945E+00 0.7830E-01 0.2090E-01 0.1890E-01 0.0000E+00 0.0000E+00 0.0000E+00 0.0000E+00 0.0000E+00 0.0000E+00 0.0000E+00 0.0000E+00 0.0000E+00 0.0000E+00 0.0000E+00 0.0000E+00 0.0000E+00 0.0000E+00 0.0000E+00 0.1000E-03 0.1800E-01 0.4700E-01 0.1192E+00 0.5428E+00 0.1637E+00 0.8800E-01 0.3470E-01 0.1250E-01 0.4200E-02 0.5000E-03 0.0000E+00 0.0000E+00 0.0000E+00 0.0000E+00 0.0000E+00 0.0000E+00 0.0000E+00 0.0000E+00 0.0000E+00 0.0000E+00 0.0000E+00 0.0000E+00 0.4000E-03 0.2400E-02 0.4400E-02
