FinalAssignment/conc_pm25_2018/rwc_pm25_2018.asc
NCOLS          280
NROWS          320
XLLCORNER            0
YLLCORNER       300000
CELLSIZE         1000
NODATA_VALUE  -0.9990E+03
[rows 125 to 149 of 320, columns 112 to 167 of 280]
0.8000E-03 0.1400E-02 0.2800E-02 0.7200E-02 0.1330E-01 0.2190E-01 0.5790E-01 0.2362E+00 0.4920E-01 0.6190E-01 0.3430E-01 0.2120E-01 0.1510E-01 0.9100E-02 0.5100E-02 0.2100E-02 0.0000E+00 0.0000E+00 0.0000E+00 0.0000E+00 0.0000E+00 0.0000E+00 0.0000E+00 0.0000E+00 0.0000E+00 0.0000E+00 0.0000E+00 0.0000E+00 0.0000E+00 0.0000E+00 0.0000E+00 0.0000E+00 0.0000E+00 0.0000E+00 0.0000E+00 0.0000E+00 0.0000E+00 0.0000E+00 0.7000E-03 0.2900E-02 0.6400E-02 0.1140E-01 0.1840E-01 0.2990E-01 0.5060E-01 0.1394E+00 0.1295E+00 0.3520E-01 0.1790E-01 0.1000E-01 0.5100E-02 0.2300E-02 0.5000E-03 0.0000E+00 0.0000E+00 0.0000E+00
0.0000E+00 0.0000E+00 0.6000E-03 0.4400E-02 0.1060E-01 0.1860E-01 0.4040E-01 0.2000E+00 0.2528E+00 0.2187E+00 0.4310E-01 0.3120E-01 0.2920E-01 0.1880E-01 0.1140E-01 0.6100E-02 0.2300E-02 0.0000E+00 0.0000E+00 0.0000E+00 0.0000E+00 0.0000E+00 0.0000E+00 0.0000E+00 0.0000E+00 0.0000E+00 0.0000E+00 0.0000E+00 0.0000E+00 0.0000E+00 0.0000E+00 0.0000E+00 0.0000E+00 0.0000E+00 0.0000E+00 0.0000E+00 0.1000E-03 0.1300E-02 0.3700E-02 0.7200E-02 0.1340E-01 0.2140E-01 0.3380E-01 0.5990E-01 0.1735E+00 0.1225E+00 0.3400E-01 0.1750E-01 0.9700E-02 0.5200E-02 0.2000E-02 0.5000E-03 0.0000E+00 0.0000E+00 0.0000E+00 0.0000E+00
0.0000E+00 0.0000E+00 0.1600E-02 0.6000E-02 0.1550E-01 0.2610E-01 0.4350E-01 0.2353E+00 0.1135E+00 0.7320E-01 0.2475E+00 0.1371E+00 0.5910E-01 0.3440E-01 0.1980E-01 0.1140E-01 0.5600E-02 0.1900E-02 0.0000E+00 0.0000E+00 0.0000E+00 0.0000E+00 0.0000E+00 0.0000E+00 0.0000E+00 0.0000E+00 0.0000E+00 0.0000E+00 0.0000E+00 0.0000E+00 0.0000E+00 0.0000E+00 0.0000E+00 0.0000E+00 0.0000E+00 0.9000E-03 0.2900E-02 0.5600E-02 0.9600E-02 0.1510E-01 0.2570E-01 0.4210E-01 0.6600E-01 0.2167E+00 0.1005E+00 0.3250E-01 0.1700E-01 0.9400E-02 0.4000E-02 0.2200E-02 0.4000E-03 0.0000E+00 0.0000E+00 0.0000E+00 0.0000E+00 0.0000E+00
0.3600E-02 0.5600E-02 0.5900E-02 0.9400E-02 0.1840E-01 0.2970E-01 0.1028E+00 0.1885E+00 0.3940E-01 0.2920E-01 0.5370E-01 0.1736E+00 0.2504E+00 0.6710E-01 0.3390E-01 0.1800E-01 0.8900E-02 0.3700E-02 0.0000E+00 0.0000E+00 0.0000E+00 0.0000E+00 0.0000E+00 0.0000E+00 0.0000E+00 0.0000E+00 0.0000E+00 0.0000E+00 0.0000E+00 0.0000E+00 0.0000E+00 0.0000E+00 0.0000E+00 0.2000E-03 0.1200E-02 0.4000E-02 0.4700E-02 0.8700E-02 0.1880E-01 0.2170E-01 0.4290E-01 0.1284E+00 0.2088E+00 0.5400E-01 0.2860E-01 0.1630E-01 0.9200E-02 0.4900E-02 0.2100E-02 0.5000E-03 0.0000E+00 0.0000E+00 0.0000E+00 0.0000E+00 0.0000E+00 0.0000E+00
0.8600E-02 0.1130E-01 0.1180E-01 0.1410E-01 0.2070E-01 0.3340E-01 0.2042E+00 0.4800E-01 0.3360E-01 0.2480E-01 0.2060E-01 0.3520E-01 0.7800E-01 0.2914E+00 0.6420E-01 0.3080E-01 0.1450E-01 0.6700E-02 0.0000E+00 0.0000E+00 0.0000E+00 0.0000E+00 0.0000E+00 0.0000E+00 0.0000E+00 0.0000E+00 0.0000E+00 0.0000E+00 0.0000E+00 0.0000E+00 0.0000E+00 0.0000E+00 0.0000E+00 0.1100E-02 0.3100E-02 0.5300E-02 0.8900E-02 0.1450E-01 0.2350E-01 0.5690E-01 0.1740E+00 0.1325E+00 0.4290E-01 0.2320E-01 0.1440E-01 0.8700E-02 0.4700E-02 0.2200E-02 0.6000E-03 0.0000E+00 0.0000E+00 0.0000E+00 0.0000E+00 0.0000E+00 0.0000E+00 0.0000E+00
0.2790E-01 0.4330E-01 0.3850E-01 0.4990E-01 0.4580E-01 0.6240E-01 0.1317E+00 0.2880E-01 0.1600E-01 0.1560E-01 0.1060E-01 0.1890E-01 0.2700E-01 0.5590E-01 0.2449E+00 0.4680E-01 0.1880E-01 0.1040E-01 0.0000E+00 0.0000E+00 0.0000E+00 0.0000E+00 0.0000E+00 0.0000E+00 0.0000E+00 0.0000E+00 0.0000E+00 0.0000E+00 0.0000E+00 0.0000E+00 0.0000E+00 0.0000E+00 0.7000E-03 0.3200E-02 0.5400E-02 0.1020E-01 0.1910E-01 0.3740E-01 0.1629E+00 0.1835E+00 0.5440E-01 0.3320E-01 0.1910E-01 0.1220E-01 0.7700E-02 0.4200E-02 0.1800E-02 0.4000E-03 0.0000E+00 0.0000E+00 0.0000E+00 0.0000E+00 0.0000E+00 0.0000E+00 0.0000E+00 0.0000E+00
0.8930E-01 0.6470E-01 0.5170E-01 0.6200E-01 0.7100E-01 0.8160E-01 0.1689E+00 0.2180E-01 0.1070E-01 0.6800E-02 0.6300E-02 0.1330E-01 0.3200E-01 0.6020E-01 0.2279E+00 0.5640E-01 0.2440E-01 0.1300E-01 0.0000E+00 0.0000E+00 0.0000E+00 0.0000E+00 0.0000E+00 0.0000E+00 0.0000E+00 0.0000E+00 0.0000E+00 0.2000E-03 0.1100E-02 0.2300E-02 0.2700E-02 0.3800E-02 0.5500E-02 0.7400E-02 0.1100E-01 0.1910E-01 0.7810E-01 0.2452E+00 0.1244E+00 0.5010E-01 0.3000E-01 0.1800E-01 0.1000E-01 0.5800E-02 0.3200E-02 0.1400E-02 0.0000E+00 0.0000E+00 0.0000E+00 0.0000E+00 0.0000E+00 0.0000E+00 0.0000E+00 0.0000E+00 0.0000E+00 0.0000E+00
0.5930E-01 0.2190E-01 0.1940E-01 0.2030E-01 0.3200E-01 0.1756E+00 0.5570E-01 0.1680E-01 0.8900E-02 0.2600E-02 0.3300E-02 0.1330E-01 0.2230E-01 0.6400E-01 0.2873E+00 0.6720E-01 0.3030E-01 0.1520E-01 0.7000E-03 0.0000E+00 0.0000E+00 0.0000E+00 0.0000E+00 0.0000E+00 0.0000E+00 0.2000E-03 0.8000E-03 0.1800E-02 0.3100E-02 0.4500E-02 0.7000E-02 0.8500E-02 0.1010E-01 0.1140E-01 0.1580E-01 0.3490E-01 0.1875E+00 0.1920E+00 0.6470E-01 0.3780E-01 0.2260E-01 0.1280E-01 0.6200E-02 0.2000E-02 0.7000E-03 0.0000E+00 0.0000E+00 0.0000E+00 0.0000E+00 0.0000E+00 0.0000E+00 0.0000E+00 0.0000E+00 0.0000E+00 0.0000E+00 0.0000E+00
0.4970E-01 0.2800E-01 0.2400E-01 0.2870E-01 0.4750E-01 0.2129E+00 0.4490E-01 0.2540E-01 0.1850E-01 0.1070E-01 0.8900E-02 0.1650E-01 0.2280E-01 0.7140E-01 0.3289E+00 0.6840E-01 0.3580E-01 0.2030E-01 0.4900E-02 0.1300E-02 0.0000E+00 0.0000E+00 0.0000E+00 0.0000E+00 0.1200E-02 0.2800E-02 0.3700E-02 0.5600E-02 0.6400E-02 0.8700E-02 0.1330E-01 0.2650E-01 0.2280E-01 0.2090E-01 0.2670E-01 0.1217E+00 0.7560E-01 0.6820E-01 0.1555E+00 0.4390E-01 0.2300E-01 0.1180E-01 0.5300E-02 0.1300E-02 0.0000E+00 0.0000E+00 0.0000E+00 0.0000E+00 0.0000E+00 0.0000E+00 0.0000E+00 0.0000E+00 0.0000E+00 0.0000E+00 0.0000E+00 0.0000E+00
0.6810E-01 0.3390E-01 0.3400E-01 0.3910E-01 0.5380E-01 0.2387E+00 0.5180E-01 0.3520E-01 0.2890E-01 0.2130E-01 0.2020E-01 0.2550E-01 0.3450E-01 0.9400E-01 0.3294E+00 0.8530E-01 0.3640E-01 0.4670E-01 0.3410E-01 0.2900E-01 0.2290E-01 0.1570E-01 0.9000E-02 0.5800E-02 0.5400E-02 0.8300E-02 0.7100E-02 0.1390E-01 0.1390E-01 0.1940E-01 0.6100E-01 0.1570E+00 0.1330E+00 0.9990E-01 0.1200E+00 0.5850E-01 0.3070E-01 0.3670E-01 0.1028E+00 0.1014E+00 0.2840E-01 0.1300E-01 0.6400E-02 0.2600E-02 0.0000E+00 0.0000E+00 0.0000E+00 0.0000E+00 0.0000E+00 0.0000E+00 0.0000E+00 0.0000E+00 0.1000E-03 0.2900E-02 0.5200E-02 0.8000E-02
0.2137E+00 0.5450E-01 0.5380E-01 0.6000E-01 0.7380E-01 0.2706E+00 0.7440E-01 0.5650E-01 0.5340E-01 0.4060E-01 0.3360E-01 0.3900E-01 0.5910E-01 0.2695E+00 0.2794E+00 0.1547E+00 0.8010E-01 0.6090E-01 0.5550E-01 0.5640E-01 0.5000E-01 0.4090E-01 0.3290E-01 0.2710E-01 0.2450E-01 0.2390E-01 0.1850E-01 0.3730E-01 0.5310E-01 0.1084E+00 0.7430E-01 0.2090E-01 0.4990E-01 0.6920E-01 0.1900E-01 0.1630E-01 0.1690E-01 0.2060E-01 0.3310E-01 0.1423E+00 0.4320E-01 0.1890E-01 0.8700E-02 0.3200E-02 0.0000E+00 0.0000E+00 0.0000E+00 0.0000E+00 0.0000E+00 0.0000E+00 0.0000E+00 0.0000E+00 0.2400E-02 0.8100E-02 0.1290E-01 0.1880E-01
0.1338E+00 0.2370E+00 0.1108E+00 0.3018E+00 0.2979E+00 0.4084E+00 0.3381E+00 0.3130E+00 0.3056E+00 0.2272E+00 0.7670E-01 0.6940E-01 0.2583E+00 0.2045E+00 0.6810E-01 0.2836E+00 0.2230E+00 0.1210E+00 0.1065E+00 0.1144E+00 0.1042E+00 0.7760E-01 0.6110E-01 0.5250E-01 0.4780E-01 0.4800E-01 0.5390E-01 0.1582E+00 0.1358E+00 0.2190E-01 0.1440E-01 0.9800E-02 0.1080E-01 0.1160E-01 0.8100E-02 0.7700E-02 0.9300E-02 0.1020E-01 0.2490E-01 0.4210E-01 0.1355E+00 0.2660E-01 0.1020E-01 0.3300E-02 0.0000E+00 0.0000E+00 0.0000E+00 0.0000E+00 0.0000E+00 0.0000E+00 0.0000E+00 0.5000E-03 0.3000E-02 0.1350E-01 0.2440E-01 0.4070E-01
0.1524E+00 0.3910E+00 0.7010E+00 0.2629E+00 0.1134E+00 0.9740E-01 0.7370E-01 0.5650E-01 0.6080E-01 0.2506E+00 0.4072E+00 0.2957E+00 0.7860E-01 0.4990E-01 0.4630E-01 0.6880E-01 0.3142E+00 0.4720E+00 0.4096E+00 0.4117E+00 0.4105E+00 0.1524E+00 0.1225E+00 0.9780E-01 0.7370E-01 0.9190E-01 0.2297E+00 0.1145E+00 0.4540E-01 0.2520E-01 0.1670E-01 0.1120E-01 0.8100E-02 0.6700E-02 0.6500E-02 0.7300E-02 0.7600E-02 0.1220E-01 0.2520E-01 0.4090E-01 0.1343E+00 0.2580E-01 0.9400E-02 0.2900E-02 0.0000E+00 0.0000E+00 0.0000E+00 0.0000E+00 0.0000E+00 0.0000E+00 0.0000E+00 0.1900E-02 0.5300E-02 0.1000E-01 0.4570E-01 0.9740E-01
0.3747E+00 0.1418E+00 0.1451E+00 0.3159E+00 0.8530E-01 0.5710E-01 0.4610E-01 0.3990E-01 0.4910E-01 0.9310E-01 0.2566E+00 0.1121E+00 0.5850E-01 0.4150E-01 0.4080E-01 0.5160E-01 0.2038E+00 0.1003E+00 0.7450E-01 0.9800E-01 0.1135E+00 0.3753E+00 0.4607E+00 0.2626E+00 0.1673E+00 0.2477E+00 0.9760E-01 0.5950E-01 0.4010E-01 0.2500E-01 0.1490E-01 0.7600E-02 0.1900E-02 0.3400E-02 0.6000E-02 0.1070E-01 0.9800E-02 0.1790E-01 0.3940E-01 0.1180E+00 0.7030E-01 0.1920E-01 0.7500E-02 0.2300E-02 0.0000E+00 0.0000E+00 0.0000E+00 0.0000E+00 0.0000E+00 0.0000E+00 0.0000E+00 0.6000E-02 0.8300E-02 0.1570E-01 0.8400E-01 0.3308E+00
0.1069E+00 0.8000E-01 0.7720E-01 0.1527E+00 0.2558E+00 0.7400E-01 0.4740E-01 0.4620E-01 0.4630E-01 0.7910E-01 0.1104E+00 0.3136E+00 0.6780E-01 0.5380E-01 0.1073E+00 0.1355E+00 0.7930E-01 0.4890E-01 0.2420E-01 0.2670E-01 0.5910E-01 0.8910E-01 0.1140E+00 0.3243E+00 0.4105E+00 0.1760E+00 0.8130E-01 0.7790E-01 0.6220E-01 0.3310E-01 0.1630E-01 0.7300E-02 0.3000E-02 0.4700E-02 0.1020E-01 0.1810E-01 0.3000E-01 0.5150E-01 0.1381E+00 0.1361E+00 0.2910E-01 0.1240E-01 0.5300E-02 0.2000E-02 0.0000E+00 0.0000E+00 0.0000E+00 0.0000E+00 0.0000E+00 0.0000E+00 0.9000E-03 0.5600E-02 0.1240E-01 0.3920E-01 0.2091E+00 0.1996E+00
0.8280E-01 0.5130E-01 0.4220E-01 0.4460E-01 0.5320E-01 0.2207E+00 0.1984E+00 0.1814E+00 0.6040E-01 0.8870E-01 0.9580E-01 0.1955E+00 0.2154E+00 0.1673E+00 0.8980E-01 0.3890E-01 0.2730E-01 0.2510E-01 0.2160E-01 0.1640E-01 0.3440E-01 0.4630E-01 0.5910E-01 0.7780E-01 0.9560E-01 0.2418E+00 0.1999E+00 0.2634E+00 0.2098E+00 0.3960E-01 0.1470E-01 0.8400E-02 0.5200E-02 0.4700E-02 0.8800E-02 0.2740E-01 0.6120E-01 0.1698E+00 0.1527E+00 0.3430E-01 0.1650E-01 0.7800E-02 0.3300E-02 0.1000E-02 0.0000E+00 0.0000E+00 0.0000E+00 0.0000E+00 0.0000E+00 0.0000E+00 0.2600E-02 0.7900E-02 0.1630E-01 0.6010E-01 0.3214E+00 0.7930E-01
0.4220E-01 0.2840E-01 0.1760E-01 0.1740E-01 0.1990E-01 0.2910E-01 0.3120E-01 0.6800E-01 0.2793E+00 0.2921E+00 0.1660E+00 0.1353E+00 0.4202E+00 0.9240E-01 0.4240E-01 0.2230E-01 0.1330E-01 0.4700E-02 0.5400E-02 0.8200E-02 0.1400E-01 0.2170E-01 0.3110E-01 0.3470E-01 0.4500E-01 0.5090E-01 0.4690E-01 0.5830E-01 0.2663E+00 0.4700E-01 0.2350E-01 0.1200E-01 0.8900E-02 0.9100E-02 0.1560E-01 0.4940E-01 0.2180E+00 0.1095E+00 0.3700E-01 0.1940E-01 0.9700E-02 0.4800E-02 0.1900E-02 0.3000E-03 0.0000E+00 0.0000E+00 0.0000E+00 0.0000E+00 0.0000E+00 0.3000E-03 0.4200E-02 0.1210E-01 0.2260E-01 0.9860E-01 0.3065E+00 0.6090E-01
0.1530E-01 0.1110E-01 0.6100E-02 0.5800E-02 0.8400E-02 0.1210E-01 0.1590E-01 0.2270E-01 0.5620E-01 0.7810E-01 0.2083E+00 0.3690E+00 0.4606E+00 0.4347E+00 0.8530E-01 0.4350E-01 0.2110E-01 0.5900E-02 0.7000E-03 0.2000E-03 0.2000E-02 0.5700E-02 0.1020E-01 0.1360E-01 0.1570E-01 0.2230E-01 0.1940E-01 0.2550E-01 0.4550E-01 0.2026E+00 0.3410E-01 0.1900E-01 0.1690E-01 0.1970E-01 0.3840E-01 0.2218E+00 0.5770E-01 0.3460E-01 0.1890E-01 0.1110E-01 0.6000E-02 0.2700E-02 0.8000E-03 0.0000E+00 0.0000E+00 0.0000E+00 0.0000E+00 0.0000E+00 0.1100E-02 0.3200E-02 0.9100E-02 0.3050E-01 0.3870E-01 0.2793E+00 0.1290E+00 0.4340E-01
0.9300E-02 0.4000E-02 0.1800E-02 0.2200E-02 0.3600E-02 0.6600E-02 0.1070E-01 0.1480E-01 0.2700E-01 0.4220E-01 0.7320E-01 0.1074E+00 0.1503E+00 0.4542E+00 0.5630E-01 0.4950E-01 0.2560E-01 0.8900E-02 0.0000E+00 0.0000E+00 0.0000E+00 0.0000E+00 0.1700E-02 0.2800E-02 0.5700E-02 0.9900E-02 0.1080E-01 0.1650E-01 0.3160E-01 0.2455E+00 0.4820E-01 0.3230E-01 0.2310E-01 0.3230E-01 0.2425E+00 0.6320E-01 0.3200E-01 0.1870E-01 0.1020E-01 0.5800E-02 0.2900E-02 0.9000E-03 0.0000E+00 0.0000E+00 0.0000E+00 0.0000E+00 0.9000E-03 0.3200E-02 0.1110E-01 0.1720E-01 0.3240E-01 0.4130E-01 0.7980E-01 0.3270E+00 0.7450E-01 0.3010E-01
0.5100E-02 0.1600E-02 0.0000E+00 0.0000E+00 0.1000E-03 0.2200E-02 0.4700E-02 0.8200E-02 0.1390E-01 0.2410E-01 0.4230E-01 0.6670E-01 0.1037E+00 0.3448E+00 0.1449E+00 0.6530E-01 0.3140E-01 0.1270E-01 0.0000E+00 0.0000E+00 0.0000E+00 0.0000E+00 0.0000E+00 0.0000E+00 0.0000E+00 0.1600E-02 0.5100E-02 0.1050E-01 0.2050E-01 0.6350E-01 0.2430E+00 0.4300E-01 0.3140E-01 0.8580E-01 0.1887E+00 0.4130E-01 0.2120E-01 0.1050E-01 0.4300E-02 0.2100E-02 0.5000E-03 0.0000E+00 0.0000E+00 0.0000E+00 0.0000E+00 0.1500E-02 0.4000E-02 0.7200E-02 0.1940E-01 0.3730E-01 0.6630E-01 0.1068E+00 0.1964E+00 0.2727E+00 0.5280E-01 0.2040E-01
0.2200E-02 0.0000E+00 0.0000E+00 0.0000E+00 0.0000E+00 0.0000E+00 0.0000E+00 0.1100E-02 0.4400E-02 0.9000E-02 0.2210E-01 0.4320E-01 0.7120E-01 0.1230E+00 0.4156E+00 0.8740E-01 0.4000E-01 0.1880E-01 0.3700E-02 0.0000E+00 0.0000E+00 0.0000E+00 0.0000E+00 0.0000E+00 0.0000E+00 0.0000E+00 0.2600E-02 0.7700E-02 0.1560E-01 0.3780E-01 0.2256E+00 0.5100E-01 0.4620E-01 0.1931E+00 0.4040E-01 0.3200E-01 0.1610E-01 0.5200E-02 0.1300E-02 0.0000E+00 0.0000E+00 0.0000E+00 0.0000E+00 0.0000E+00 0.1000E-02 0.4000E-02 0.1210E-01 0.2600E-01 0.4520E-01 0.7790E-01 0.1230E+00 0.3103E+00 0.3631E+00 0.7550E-01 0.3170E-01 0.1240E-01
0.1000E-03 0.0000E+00 0.0000E+00 0.0000E+00 0.0000E+00 0.0000E+00 0.0000E+00 0.0000E+00 0.0000E+00 0.0000E+00 0.6700E-02 0.2520E-01 0.4930E-01 0.1013E+00 0.4236E+00 0.8250E-01 0.4680E-01 0.2600E-01 0.8700E-02 0.0000E+00 0.0000E+00 0.0000E+00 0.0000E+00 0.0000E+00 0.0000E+00 0.0000E+00 0.1300E-02 0.5200E-02 0.1290E-01 0.2980E-01 0.9300E-01 0.2127E+00 0.6330E-01 0.2020E+00 0.4730E-01 0.4300E-01 0.2860E-01 0.1610E-01 0.9400E-02 0.5700E-02 0.2200E-02 0.0000E+00 0.0000E+00 0.0000E+00 0.5500E-02 0.1250E-01 0.2420E-01 0.4730E-01 0.9160E-01 0.2341E+00 0.3942E+00 0.2018E+00 0.7200E-01 0.3210E-01 0.1760E-01 0.8900E-02
0.0000E+00 0.0000E+00 0.0000E+00 0.0000E+00 0.0000E+00 0.0000E+00 0.0000E+00 0.0000E+00 0.0000E+00 0.0000E+00 0.2600E-02 0.1840E-01 0.4350E-01 0.8930E-01 0.3987E+00 0.1255E+00 0.6460E-01 0.3380E-01 0.1310E-01 0.0000E+00 0.0000E+00 0.0000E+00 0.0000E+00 0.0000E+00 0.0000E+00 0.0000E+00 0.1000E-03 0.3200E-02 0.8900E-02 0.1800E-01 0.4480E-01 0.2287E+00 0.2286E+00 0.2729E+00 0.8200E-01 0.5370E-01 0.4510E-01 0.3750E-01 0.3240E-01 0.2770E-01 0.2170E-01 0.6800E-02 0.5200E-02 0.5700E-02 0.1030E-01 0.2030E-01 0.4070E-01 0.8870E-01 0.3434E+00 0.2218E+00 0.8810E-01 0.5110E-01 0.2790E-01 0.1640E-01 0.9900E-02 0.5200E-02
0.0000E+00 0.0000E+00 0.0000E+00 0.0000E+00 0.0000E+00 0.0000E+00 0.0000E+00 0.0000E+00 0.0000E+00 0.0000E+00 0.0000E+00 0.1270E-01 0.3880E-01 0.6840E-01 0.1615E+00 0.4171E+00 0.7300E-01 0.4170E-01 0.1150E-01 0.0000E+00 0.0000E+00 0.0000E+00 0.0000E+00 0.0000E+00 0.0000E+00 0.0000E+00 0.1000E-02 0.3400E-02 0.8800E-02 0.1610E-01 0.4210E-01 0.1081E+00 0.4410E+00 0.3123E+00 0.9900E-01 0.8180E-01 0.8290E-01 0.7220E-01 0.5550E-01 0.4780E-01 0.4260E-01 0.1550E-01 0.1320E-01 0.1850E-01 0.2290E-01 0.3380E-01 0.6800E-01 0.2780E+00 0.1212E+00 0.3730E-01 0.2760E-01 0.2430E-01 0.1730E-01 0.9900E-02 0.4600E-02 0.2000E-02
0.0000E+00 0.0000E+00 0.0000E+00 0.0000E+00 0.0000E+00 0.0000E+00 0.0000E+00 0.0000E+00 0.0000E+00 0.0000E+00 0.0000E+00 0.6600E-02 0.3320E-01 0.5770E-01 0.1177E+00 0.4653E+00 0.9680E-01 0.4060E-01 0.2160E-01 0.0000E+00 0.0000E+00 0.0000E+00 0.0000E+00 0.0000E+00 0.0000E+00 0.0000E+00 0.1800E-02 0.4000E-02 0.9700E-02 0.1900E-01 0.4550E-01 0.2261E+00 0.1239E+00 0.2281E+00 0.2392E+00 0.2549E+00 0.3190E+00 0.2733E+00 0.1002E+00 0.9940E-01 0.8950E-01 0.5740E-01 0.3350E-01 0.3020E-01 0.3450E-01 0.4840E-01 0.9380E-01 0.3455E+00 0.5030E-01 0.2090E-01 0.1230E-01 0.1220E-01 0.6700E-02 0.2700E-02 0.6000E-03 0.0000E+00
